[directions=82]
Vector[0] = (-0.044859, 0.080084, 0.995778)
Vector[1] = (-0.110918, -0.138355, 0.984152)
Vector[2] = (0.140283, -0.187625, 0.972172)
Vector[3] = (0.277124, 0.037700, 0.960094)
Vector[4] = (0.157544, 0.276641, 0.947971)
Vector[5] = (-0.104982, 0.336477, 0.935822)
Vector[6] = (-0.332673, 0.190241, 0.923654)
Vector[7] = (-0.405099, -0.071476, 0.911475)
Vector[8] = (-0.296781, -0.321257, 0.899286)
Vector[9] = (-0.060508, -0.457613, 0.887090)
Vector[10] = (0.211825, -0.435546, 0.874889)
Vector[11] = (0.428538, -0.268578, 0.862682)
Vector[12] = (0.525869, -0.012593, 0.850472)
Vector[13] = (0.480514, 0.257736, 0.838259)
Vector[14] = (0.308679, 0.471561, 0.826043)
Vector[15] = (0.055839, 0.578421, 0.813825)
Vector[16] = (-0.217951, 0.556711, 0.801604)
Vector[17] = (-0.452983, 0.414345, 0.789382)
Vector[18] = (-0.602008, 0.183333, 0.777158)
Vector[19] = (-0.637885, -0.089334, 0.764933)
Vector[20] = (-0.556306, -0.352075, 0.752707)
Vector[21] = (-0.374111, -0.558330, 0.740479)
Vector[22] = (-0.124286, -0.673947, 0.728250)
Vector[23] = (0.150962, -0.681561, 0.716020)
Vector[24] = (0.407676, -0.581791, 0.703790)
Vector[25] = (0.606960, -0.391595, 0.691558)
Vector[26] = (0.720273, -0.140438, 0.679326)
Vector[27] = (0.732664, 0.134870, 0.667093)
Vector[28] = (0.643822, 0.395793, 0.654860)
Vector[29] = (0.467072, 0.607352, 0.642626)
Vector[30] = (0.226711, 0.742435, 0.630391)
Vector[31] = (-0.045783, 0.784721, 0.618156)
Vector[32] = (-0.316097, 0.730029, 0.605920)
Vector[33] = (-0.551389, 0.586096, 0.593684)
Vector[34] = (-0.724079, 0.370982, 0.581448)
Vector[35] = (-0.814743, 0.110420, 0.569211)
Vector[36] = (-0.813875, -0.165490, 0.556974)
Vector[37] = (-0.722443, -0.425838, 0.544736)
Vector[38] = (-0.551271, -0.642297, 0.532499)
Vector[39] = (-0.319430, -0.792019, 0.520260)
Vector[40] = (-0.051872, -0.859781, 0.508022)
Vector[41] = (0.223386, -0.839224, 0.495783)
Vector[42] = (0.478229, -0.733132, 0.483544)
Vector[43] = (0.687240, -0.552786, 0.471305)
Vector[44] = (0.830097, -0.316541, 0.459066)
Vector[45] = (0.893344, -0.047788, 0.446826)
Vector[46] = (0.871436, 0.227452, 0.434586)
Vector[47] = (0.766991, 0.483061, 0.422346)
Vector[48] = (0.590282, 0.695255, 0.410106)
Vector[49] = (0.358056, 0.844689, 0.397866)
Vector[50] = (0.091821, 0.918075, 0.385625)
Vector[51] = (-0.184211, 0.909203, 0.373384)
Vector[52] = (-0.445352, 0.819290, 0.361143)
Vector[53] = (-0.668608, 0.656682, 0.348902)
Vector[54] = (-0.834633, 0.435943, 0.336661)
Vector[55] = (-0.929308, 0.176459, 0.324420)
Vector[56] = (-0.944816, -0.099330, 0.312179)
Vector[57] = (-0.880167, -0.367891, 0.299937)
Vector[58] = (-0.741132, -0.606592, 0.287696)
Vector[59] = (-0.539631, -0.795565, 0.275454)
Vector[60] = (-0.292629, -0.919286, 0.263212)
Vector[61] = (-0.020656, -0.967774, 0.250970)
Vector[62] = (0.253926, -0.937299, 0.238728)
Vector[63] = (0.508758, -0.830584, 0.226486)
Vector[64] = (0.723278, -0.656482, 0.214244)
Vector[65] = (0.880340, -0.429182, 0.202002)
Vector[66] = (0.967522, -0.167009, 0.189760)
Vector[67] = (0.978053, 0.109085, 0.177518)
Vector[68] = (0.911269, 0.377190, 0.165275)
Vector[69] = (0.772600, 0.616174, 0.153033)
Vector[70] = (0.573077, 0.807317, 0.140790)
Vector[71] = (0.328427, 0.935741, 0.128548)
Vector[72] = (0.057806, 0.991530, 0.116305)
Vector[73] = (-0.217703, 0.970452, 0.104063)
Vector[74] = (-0.476729, 0.874242, 0.091820)
Vector[75] = (-0.699254, 0.710430, 0.079577)
Vector[76] = (-0.868141, 0.491729, 0.067335)
Vector[77] = (-0.970424, 0.235035, 0.055092)
Vector[78] = (-0.998285, -0.039880, 0.042849)
Vector[79] = (-0.949627, -0.311886, 0.030607)
Vector[80] = (-0.828216, -0.560109, 0.018364)
Vector[81] = (-0.643385, -0.765518, 0.006121)
